28
741.0 152.0
741.20935 153.98901
741.4187 155.97803
741.62805 157.96704
741.8374 159.95605
742.0468 161.94507
742.25616 163.93408
742.4656 165.9231
742.6749 167.91211
742.88434 169.90112
743.111 171.88814
743.3591 173.8727
743.6071 175.85725
743.85516 177.84181
744.1033 179.82637
744.3513 181.81093
744.5994 183.79549
744.8475 185.78004
745.06396 187.76788
745.23004 189.76097
745.3961 191.75406
745.5622 193.74715
745.72833 195.74023
745.8944 197.73332
746.1031 199.7216
746.3859 201.7015
746.66876 203.68141
746.9516 205.66132
2
789.0 186.0 142.05632
803.0 409.0 133.05638
1
723.0 308.0 95.015785
